team,year,Attendance,Points,Field Goal Percentage,Field Goals Made,3 pointers Made,3 Pointers Attempted,Turnovers,Rebounds,Assists
gsw,2017,19240,113.5,50.3,42.8,11.3,28.9,15.4,43.5,20
hur,2017,18137,112.4,46,38.7,15.3,42.3,13.8,43.5,21.5
nop,2017,17174,111.7,48.3,42.7,10.2,28.2,14.9,44.3,26.8
ttr,2017,18756,111.7,47.2,41.3,11.8,33,13.4,44,24.3
clc,2017,19791,110.9,47.6,40.4,12,32.1,13.7,42.1,23.4
dvn,2017,17506,110,47,40.7,11.5,30.9,15,44.5,25.1
pds,2017,19185,109.8,47.2,40.8,11,29.8,16.5,47.4,20
mnt,2017,17453,109.5,47.6,41,8,22.5,12.5,42,22.7
lac,2017,17373,109,47.1,40.3,9.5,26.8,14.7,43.9,22.3
chh,2017,16999,108.2,45,39,10,27.2,12.7,45.5,21.6
lal,2017,18796,108.1,46.1,40.7,10,29.1,15.8,46.4,23.8
okc,2017,18534,107.9,45.3,39.9,10.7,30.4,14,45.1,21.3
wtw,2017,17826,106.6,46.7,39.9,9.9,26.5,14.6,43.1,25.2
bln,2017,16622,106.6,44.1,38.2,12.7,35.7,15.2,44.4,23.7
mwb,2017,17547,106.5,47.8,39.7,8.8,24.7,13.8,39.8,23.2
ptbs,2017,18477,105.6,45.2,39.3,10.3,28.1,13.5,45.5,19.5
ipc,2017,16889,105.6,47.2,40.8,9,24.5,13.3,42.3,22.2
nyk,2017,18762,104.5,46.4,40.7,8.2,23.3,14.7,44,23.3
ujz,2017,17708,104.1,46.2,38.3,10.8,29.6,14.7,43.3,22.4
btc,2017,18606,104,45,38.3,11.5,30.4,14,44.5,22.5
pns,2017,17243,103.9,44.2,38.5,9.3,27.9,15.7,44.1,21.3
dtp,2017,17243,103.8,45,39.1,10.8,28.9,13.4,43.7,22.8
mmh,2017,18731,103.4,45.5,38.8,11,30.6,14.4,43.5,22.7
olm,2017,17770,103.4,45.2,38.8,10.3,29.3,14.5,41.6,23.4
atl,2017,16088,103.4,44.6,38.2,11.2,31,15.5,41.9,23.7
cbl,2017,19403,102.9,43.5,38.7,11,31.1,14,44.7,23.5
sas,2017,18415,102.7,45.7,39,8.5,24.1,13.1,44.2,22.8
dlm,2017,18597,102.3,44.4,38.1,11.8,32.8,12.3,41.3,22.7
mpg,2017,16648,99.3,44.4,36.7,9.2,26.2,15,40.5,21.5
Smk,2017,17515,98.8,45,38.8,9,24,13.7,40.9,21.6
gsw,2016,19305,115.9,49.5,43.1,12,31.2,14.8,44.4,20
hur,2016,17556,115.3,46.2,40.3,14.4,40.3,15.1,44.4,25.2
dvn,2016,16095,111.7,46.9,41.2,10.6,28.8,15,46.4,25.3
clc,2016,19791,110.3,47,39.9,13,33.9,13.7,43.7,22.7
wtw,2016,17476,109.2,47.5,41.3,9.2,24.8,14.2,42.9,23.9
lac,2016,18488,108.7,47.5,39.5,10.3,27.4,13,43,22.5
btc,2016,18433,108,45.4,38.6,12,33.4,13.3,42,25.2
ptbs,2016,18436,107.9,45.9,39.5,10.4,27.7,13.7,43.7,21.1
pns,2016,17451,107.7,45,39.9,7.5,22.6,15.4,45,19.6
ttr,2016,18878,106.9,46.4,39.2,8.8,24.3,12.7,43.3,18.5
okc,2016,18288,106.6,45.2,39.5,8.4,25.8,15,46.6,21
bln,2016,16592,105.8,44.4,37.8,10.7,31.6,16.5,43.9,21.4
mnt,2016,16461,105.6,46.7,39.5,7.3,21,14,42.4,23.7
sas,2016,18277,105.3,46.9,39.3,9.2,23.5,13.4,43.9,23.8
ipc,2016,17272,105.1,46.5,39.3,8.6,23,13.8,42,22.5
chh,2016,17448,104.9,44.2,37.7,10,28.6,11.5,43.6,23.1
lal,2016,18570,104.6,45,39.3,8.9,25.7,15.2,43.5,20.9
nop,2016,17118,104.3,45,39.1,9.4,26.8,12.9,43.7,22.8
nyk,2016,18850,104.3,44.7,39.6,8.6,24.7,13.9,45.2,21.8
mwb,2016,16878,103.6,47.4,38.8,8.8,23.7,14,40.4,24.2
mmh,2016,18731,103.2,45.5,39,9.9,27,13.4,43.6,21.2
atl,2016,16887,103.2,45.1,38.1,8.9,26.1,15.8,44.3,23.6
cbl,2016,19856,102.9,44.4,38.6,7.6,22.3,13.6,46.3,22.6
smk,2016,17548,102.8,46.1,37.9,9,23.9,14.6,41.1,22.5
pds,2016,17269,102.4,44.2,37.7,10.1,29.8,16.7,42.8,23.8
dtp,2016,16839,101.3,44.9,39.9,7.7,23.4,11.9,45.7,21.1
olm,2016,17543,101.1,44,38.3,8.5,26.1,13.3,43.2,22.2
ujz,2016,18442,100.7,46.6,37,9.6,26,13.6,43.2,20.1
mpg,2016,17087,100.5,43.5,36.4,9.4,26.5,12.9,42.8,21.3
dlm,2016,18654,97.9,44,36.2,10.7,30.2,11.9,38.6,20.8
gsw,2015,19365,114.9,48.7,42.5,13.1,31.6,15.2,46.2,23
okc,2015,18230,110.2,47.6,41.1,8.3,23.7,15.9,48.6,23
Smk,2015,17306,106.6,46.4,40,8,22.4,16.2,44.2,24.5
hur,2015,17861,106.5,45.2,37.7,10.7,30.9,15.9,43.1,22.2
btc,2015,17854,105.7,43.9,39.2,8.7,26.1,13.7,44.9,24.2
ptbs,2015,18535,105.1,45,38.6,10.5,28.5,14.6,45.5,21.3
lac,2015,18492,104.5,46.5,38.3,9.7,26.7,13,42,22.8
clc,2015,19736,104.3,46,38.7,10.7,29.6,13.6,44.5,22.7
wtw,2015,17740,104.1,46,39.5,8.6,24.2,14.5,41.8,24.5
sas,2015,18194,103.5,48.4,40.1,7,18.5,13.1,43.9,24.5
chh,2015,17634,103.4,43.9,37,10.6,29.4,12.5,43.9,21.7
atl,2015,17222,102.8,45.8,38.6,9.9,28.4,15,42.1,25.6
nop,2015,17322,102.7,44.8,38.5,8.6,23.8,13.4,42.6,22.2
ttr,2015,18494,102.7,45.1,36.7,8.6,23.4,13.1,43.4,18.7
mnt,2015,16003,102.4,46.4,37.7,5.5,16.4,15,41.6,23.4
dlm,2015,18935,102.3,44.4,37.4,9.8,28.6,12.8,43.1,22.1
ipc,2015,17349,102.2,45,38.3,8.1,23,14.9,44.2,21.2
olm,2015,17359,102.1,45.5,39.5,7.8,22.2,14.1,43.3,23.6
dtp,2015,17164,102,43.9,37.9,9,26.2,13.5,46.3,19.4
dvn,2015,15923,101.9,44.2,37.7,8,23.7,14.7,44.6,22.7
cbl,2015,19988,101.6,44.1,38.6,7.9,21.4,13.9,46.3,22.8
pns,2015,16994,100.9,43.5,37.2,9,25.8,17.2,44.8,20.7
mmh,2015,18892,100,47,38.4,6.1,18,14.1,44.1,20.8
mpg,2015,17143,99.1,44,36.8,6.1,18.5,13.3,41.6,20.7
mwb,2015,16394,99,46.7,38.4,5.4,15.6,15.2,41.7,23.1
bln,2015,16615,98.6,45.3,38.2,6.5,18.4,14.8,42.4,22.3
nyk,2015,19126,98.4,43.9,36.9,7.4,21.5,13.4,44.4,20.5
ujz,2015,18341,97.7,44.9,36.1,8.5,23.9,14.9,43.2,19
pds,2015,16186,97.4,43.1,36.2,9.3,27.5,16.4,41.2,21.5
lal,2015,19073,97.3,41.4,35.1,7.8,24.6,13.7,43,18

