strictness,aqi,date
1.94775878,-0.7627245452,0
1.679375389,-0.3883155819,0
1.477725166,-0.7627245452,0
1.007691552,-0.7627245452,0
0.03353238038,-0.7627245452,0
1.041058136,-0.3883155819,2
0.6718496337,-0.01390661864,2
0.806041329,-0.01390661864,2
-0.7389765682,-0.7627245452,2
0.6377576895,-0.7627245452,2
0.9068664406,-1.137133508,4
-0.4698678171,-0.7627245452,4
0.2685491873,0.3605023446,4
0.5035659942,-1.137133508,4
0.3693742989,-1.062251716,4
0.03353238038,0.3605023446,6
-0.4365012334,1.670933716,6
0.0001657966892,-0.01390661864,6
0.5035659942,-0.01390661864,6
-1.376568461,-1.511542472,6
-0.3023095381,1.670933716,8
-0.6381514566,1.670933716,8
-1.410660405,-0.01390661864,8
0.5035659942,1.670933716,8
0.6377576895,-1.511542472,8
-0.8398016798,1.670933716,10
-1.645677212,1.670933716,10
-1.746502324,0.7349113079,10
0.5710245221,1.670933716,10
0.3693742989,0.4353841373,10
-1.10818507,-0.01390661864,12
-1.242376766,-0.3883155819,12
-1.477393573,-0.3883155819,12
0.7385828011,0.3605023446,12
-1.275743349,-0.6129609599,12